   0.030   65.000
   0.090   29.000
   0.150   18.000
   0.210   11.000
   0.270   14.000
   0.330    9.000
   0.390   10.000
   0.450   12.000
   0.510    5.000
   0.570    5.000
   0.630    7.000
   0.690    6.000
   0.750    5.000
   0.810    5.000
   0.870    6.000
   0.930    8.000
   0.990    4.000
   1.050    6.000
   1.110    2.000
   1.170    5.000
   1.230    0.000
   1.290    4.000
   1.350    2.000
   1.410    5.000
   1.470    3.000
   1.530    3.000
   1.590    2.000
   1.650    3.000
   1.710    3.000
   1.770    2.000
   1.830    2.000
   1.890    0.000
   1.950    0.000
   2.010    1.000
   2.070    1.000
   2.130    2.000
   2.190    1.000
   2.250    4.000
   2.310    1.000
   2.370    4.000
   2.430    6.000
   2.490    1.000
   2.550    4.000
   2.610    3.000
   2.670    1.000
   2.730    0.000
   2.790    3.000
   2.850    2.000
   2.910    1.000
   2.970  104.000
hfun:    2.500 1472.691
